cam 0 0 150 -50 -50 50 50 -50 50 -50 50 50 50 50 50
ltp -200 200 200 1 1 1
ltd -1 1 -1 0.4 0.4 0.4
xft 0 0 -300
mat 0.1 0.1 0.1 0.6 0.6 0 0.9 0.8 0 32 0 0 0
sph -100 100 0 20
sph -100 50 0 20

mat 0.1 0.1 0.1 0 0.6 0 1 1 1 16 0 0 0
sph -100 0 0 20
sph -100 -50 0 20
sph -100 -100 0 20

mat 0.1 0.1 0.1 0 0.3 0.6 1 1 1 16 0 0 0
sph -50 0 0 20
sph -50 -50 0 20
sph -50 -100 0 20
sph -50 50 0 20
sph -50 100 0 20

mat 0.1 0.1 0.1 0.5 0.1 0.6 1 1 1 16 0 0 0
sph 0 -50 0 20
sph 0 -100 0 20
sph 0 0 0 20
sph 0 50 0 20
sph 0 100 0 20

mat 0.1 0.1 0.1 0.4 0.9 0.1 1 1 1 16 0 0 0
sph 50 -50 0 20
sph 50 -100 0 20
sph 50 0 0 20
sph 50 50 0 20
sph 50 100 0 20

mat 0.1 0.1 0 0.7 0.2 0.1 1 1 1 32 0 0 0
sph 100 -50 0 20
sph 100 -100 0 20
sph 100 0 0 20
sph 100 50 0 20
sph 100 100 0 20

mat 0.1 0 0 0.3 0 0 0.6 0.6 0.6 32 0 0 0 0.9 0.3 0.3 1.52
xfz
xfr 10 20 0
xfs 20 20 40
obj block.obj

antialiasing 4
